序号	class	pdate	sequence	amount	forecast
 1	1	1	20141220	1.01	
 2	1	3	20141222	0.05	
 3	1	5	20141227	11.0499	
 4	1	6	20141228	27.6	
 5	1	11	20150102	157125.8999	
 6	1	12	20150103	163399.3099	
 7	1	21	20150112	586128.85	
 8	1	23	20150114	516370.8699	
 9	1	26	20150117	563371.13	
 10	1	29	20150120	987738.62	
 11	1	30	20150121	1131355.23	
 12	1	34	20150125	1083827.3099	
 13	1	35	20150126	1652539.53	
 14	1	40	20150131	2390964.92	
 15	1	41	20150201	3.204685338E7	
 16	1	51	20150211	1.20409139999E7	
 17	1	63	20150223	1713967.88	
 18	1	66	20150226	4806248.3699	
 19	1	70	20150302	5.13751322799E7	
 20	1	76	20150308	3.068240731E7	
 21	1	79	20150311	1.42773727299E7	
 22	1	81	20150313	6002188.41	
 23	1	83	20150315	3218485.0399	
 24	1	86	20150318	3841436.81	
 25	1	87	20150319	3388482.22	
 26	1	94	20150326	4374066.0199	
 27	1	95	20150327	4442719.61	
 28	1	96	20150328	3439224.97	
 29	1	99	20150331	5569075.21	
 30	1	102	20150403	4.48677193199E7	
 31	1	106	20150407	6.021795169E7	
 32	1	108	20150409	1.522484426299E8	
 33	1	109	20150410	3.9836832893E8	
 34	1	110	20150411	2.20597960299E7	
 35	1	114	20150415	1.461274861E7	
 36	1	117	20150418	1.01421543699E7	
 37	1	123	20150424	1.44381465E7	
 38	1	126	20150427	1.873738953E7	
 39	1	127	20150428	1.904998381E7	
 40	1	133	20150504	8.57031871799E7	
 41	1	134	20150505	8.81859336699E7	
 42	1	138	20150509	2.5281324067E8	
 43	1	139	20150510	5.8194953727E8	
 44	1	149	20150520	3.25953042599E7	
 45	1	150	20150521	3.24042873199E7	
 46	1	153	20150524	2.456346603E7	
 47	1	157	20150528	4.333953279E7	
 48	1	159	20150530	3.539696391E7	
 49	1	161	20150601	3.1943708517E8	
 50	1	163	20150603	1.496234333099E8	
 51	1	165	20150605	1.487659050799E8	
 52	1	171	20150611	9.02019220299E7	
 53	1	172	20150612	5.504654088E7	
 54	1	173	20150613	3.46318458399E7	
 55	1	177	20150617	3.721032492E7	
 56	1	182	20150622	3.133914713E7	
 57	1	183	20150623	4.007161825E7	
 58	1	188	20150628	3.77140531399E7	
 59	1	193	20150703	1.818919417699E8	
 60	1	194	20150704	1.468955369499E8	
 61	1	196	20150706	2.119355482499E8	
 62	1	197	20150707	2.2459594737E8	
 63	1	201	20150711	9.282403136E7	
 64	1	202	20150712	5.255113093E7	
 65	1	203	20150713	6.10812705799E7	
 66	1	213	20150723	5.12897415699E7	
 67	1	218	20150728	6.36098923199E7	
 68	1	219	20150729	6.55827031199E7	
 69	1	221	20150731	8.572751708E7	
 70	1	222	20150801	3.9363853345E8	
 71	1	224	20150803	2.2988747056E8	
 72	1	229	20150808	2.6420609718E8	
 73	1	232	20150811	1.393108414099E8	
 74	1	233	20150812	8.73035511399E7	
 75	1	235	20150814	7.73953721699E7	
 76	1	243	20150822	5.39607737E7	
 77	1	248	20150827	7.97239038999E7	
 78	1	259	20150907	3.3748951898E8	
 79	1	260	20150908	3.9666918417E8	
 80	1	266	20150914	1.035880373099E8	
 81	1	268	20150916	9.357116073E7	
 82	1	269	20150917	8.60693742799E7	
 83	1	270	20150918	8.263250803E7	
 84	1	271	20150919	7.784616282E7	
 85	1	276	20150924	9.17705438499E7	
 86	1	277	20150925	1.046924785699E8	
 87	1	284	20151002	3.4895898755E8	
 88	1	285	20151003	2.7492689125E8	
 89	1	286	20151004	2.8061434497E8	
 90	1	287	20151005	2.946862173E8	
 91	1	292	20151010	2.9029805813E9	
 92	1	295	20151013	1.2706682091E8	
 93	1	300	20151018	8.617647494E7	
 94	1	312	20151030	1.7440648455E8	
 95	1	314	20151101	9.755543322699E8	
 96	1	322	20151109	1.3683090148699E9	
 97	1	326	20151113	1.780804669099E8	
 98	1	327	20151114	1.434286687299E8	
 99	1	329	20151116	2.201854249E8	
 100	1	334	20151121	1.8734555407E8	
 101	1	335	20151122	1.7935935707E8	
 102	1	338	20151125	2.302769368399E8	
 103	1	340	20151127	2.6674906459E8	
 104	1	344	20151201	1.4730053608799E9	
 105	1	346	20151203	8.049377766199E8	
 106	1	351	20151208	1.0768995231199E9	
 107	1	352	20151209	2.39736019725E9	
 108	1	353	20151210	5.0523954174501E9	
 109	1	355	20151212	2.3502181164E8	
 110	1	356	20151213	1.537365169299E8	
 111	1	357	20151214	1.9473105057E8	
 112	1	361	20151218	1.574081334699E8	
 113	1	366	20151223	1.628622377299E8	
 114	1	369	20151226	1.547330464899E8	
 115	1	372	20151229	2.252023183E8	
 116	1	373	20151230	2.4031134601E8	
 117	1	374	20151231	2.7476066527E8	
 118	1	375	20160101	1.2058900219499E9	
 119	1	379	20160105	6.461712395099E8	
 120	1	380	20160106	6.663497811399E8	
 121	1	381	20160107	7.795729130199E8	
 122	1	382	20160108	8.980516509299E8	
 123	1	386	20160112	2.344581128599E8	
 124	1	387	20160113	1.971351175E8	
 125	1	389	20160115	2.1836267912E8	
 126	1	391	20160117	1.414601791899E8	
 127	1	394	20160120	1.883967748699E8	
 128	1	396	20160122	1.699357629E8	
 129	1	397	20160123	1.545934586599E8	
 130	1	402	20160128	2.505131879799E8	
 131	1	411	20160206	8.284353921999E8	
 132	1	412	20160207	7.976104167899E8	
 133	1	417	20160212	1.568390684999E8	
 134	1	420	20160215	1.685601716199E8	
 135	1	423	20160218	1.294458987999E8	
 136	1	428	20160223	1.672303804099E8	
 137	1	430	20160225	1.696433326599E8	
 138	1	436	20160302	9.833796183499E8	
 139	1	442	20160308	7.099834264699E8	
 140	1	443	20160309	1.4967288006499E9	
 141	1	444	20160310	2.71091293557E9	
 142	1	447	20160313	1.680780196699E8	
 143	1	450	20160316	1.903182026899E8	
 144	1	451	20160317	1.6951225456E8	
 145	1	452	20160318	1.7163807584E8	
 146	1	458	20160324	1.887170762899E8	
 147	1	461	20160327	1.8907078539E8	
 148	1	468	20160403	5.826773906799E8	
 149	1	471	20160406	7.845473883999E8	
 150	1	475	20160410	3.88198776873E9	
 151	1	477	20160412	2.548696511299E8	
 152	1	480	20160415	2.5300039722E8	
 153	1	482	20160417	1.535343389499E8	
 154	1	483	20160418	2.047960929699E8	
 155	1	484	20160419	1.9617418075E8	
 156	1	492	20160427	2.5897674068E8	
 157	1	493	20160428	2.9532985819E8	
 158	1	500	20160505	7.664904999299E8	
 159	1	502	20160507	7.847540072399E8	
 160	1	503	20160508	9.103373972299E8	
 161	1	505	20160510	4.13442216119E9	
 162	1	507	20160512	2.4771576883E8	
 163	1	509	20160514	1.830152844899E8	
 164	1	510	20160515	1.853406465999E8	
 165	1	512	20160517	2.2701408317E8	
 166	1	513	20160518	2.1449326272E8	
 167	1	518	20160523	2.3695026752E8	
 168	1	519	20160524	2.361933930599E8	
 169	1	525	20160530	3.5891936177E8	
 170	1	530	20160604	6.466934092E8	
 171	1	531	20160605	6.589456484899E8	
 172	1	534	20160608	1.2760167174699E9	
 173	1	537	20160611	3.345952780399E8	
 174	1	538	20160612	3.1221668451E8	
 175	1	541	20160615	2.999293564199E8	
 176	1	543	20160617	2.3532107924E8	
 177	1	545	20160619	1.8792630104E8	
 178	1	546	20160620	2.7085776411E8	
 179	1	549	20160623	2.3703752211E8	
 180	1	558	20160702	1.2854787158699E9	
 181	1	559	20160703	7.5227325064E8	
 182	1	560	20160704	8.576336289399E8	
 183	1	561	20160705	9.244146275199E8	
 184	1	565	20160709	2.9977168083E9	
 185	1	568	20160712	3.0723468814E8	
 186	1	569	20160713	2.6051423877E8	
 187	1	570	20160714	2.3556851487E8	
 188	1	575	20160719	2.2926784314E8	
 189	1	579	20160723	2.070107799999E8	
 190	1	582	20160726	2.834308131599E8	
 191	1	588	20160801	1.75794507996E9	
 192	1	589	20160802	1.5229661085399E9	
 193	1	592	20160805	8.524683764099E8	
 194	1	593	20160806	8.173843409699E8	
 195	1	594	20160807	9.2019883853E8	
 196	1	596	20160809	3.17451942757E9	
 197	1	597	20160810	4.64686012784E9	
 198	1	605	20160818	2.346495428799E8	
 199	1	612	20160825	3.037860122499E8	
 200	1	614	20160827	2.7610380406E8	
 201	1	617	20160830	3.9843383412E8	
 202	1	619	20160901	2.09680875003E9	
 203	1	620	20160902	1.54028582097E9	
 204	1	625	20160907	1.0749974762399E9	
 205	1	630	20160912	3.6306328175E8	
 206	1	631	20160913	3.0604163677E8	
 207	1	632	20160914	3.7561679281E8	
 208	1	634	20160916	2.3896796847E8	
 209	1	635	20160917	2.320153021E8	
 210	1	639	20160921	2.938567682899E8	
 211	1	644	20160926	3.5551342813E8	
 212	1	650	20161002	1.5491544472999E9	
 213	1	651	20161003	8.966859870899E8	
 214	1	656	20161008	1.82711927794E9	
 215	1	660	20161012	3.4236666514E8	
 216	1	661	20161013	2.9980479615E8	
 217	1	666	20161018	3.1610251877E8	
 218	1	667	20161019	3.0572648547E8	
 219	1	671	20161023	2.8499102419E8	
 220	1	672	20161024	3.4741090577E8	
 221	1	673	20161025	3.9231054123E8	
 222	1	678	20161030	4.3900565067E8	
 223	1	679	20161031	6.839339870699E8	
 224	1	684	20161105	9.233315544099E8	
 225	1	688	20161109	4.2965205691001E9	
 226	1	690	20161111	6.2583088773E8	
 227	1	691	20161112	4.3737299644E8	
 228	1	694	20161115	5.8203174655E8	
 229	1	698	20161119	4.5031283015E8	
 230	1	702	20161123	5.1887833098E8	
 231	1	704	20161125	5.9415938187E8	
 232	1	710	20161201	3.89931528238E9	
 233	1	712	20161203	1.55101871622E9	
 234	1	713	20161204	1.36940145287E9	
 235	1	715	20161206	1.94701751556E9	
 236	1	717	20161208	2.61961913564E9	
 237	1	721	20161212	6.675437126599E8	
 238	1	722	20161213	4.4166918433E8	
 239	1	726	20161217	3.9282071862E8	
 240	1	728	20161219	4.9414533413E8	
 241	1	729	20161220	5.5250535408E8	
 242	1	731	20161222	4.9865989739E8	
 243	1	733	20161224	4.4612328835E8	
 244	1	735	20161226	6.533667396E8	
 245	1	736	20161227	6.2643560828E8	
 246	1	740	20161231	7.632500356599E8	
 247	1	741	20170101	2.38554683009E9	
 248	1	746	20170106	1.93154791022E9	
 249	1	750	20170110	7.3061220229901E9	
 250	1	751	20170111	7.207377141699E8	
 251	1	754	20170114	4.3248666476E8	
 252	1	756	20170116	5.5940238937E8	
 253	1	763	20170123	6.407537263899E8	
 254	1	764	20170124	7.2210773297E8	
 255	1	768	20170128	4.753835372499E8	
 256	1	781	20170210	7.5835936829101E9	
 257	1	784	20170213	4.369717343499E8	
 258	1	786	20170215	5.3001731094E8	
 259	1	787	20170216	4.3815163382E8	
 260	1	789	20170218	3.5462719452E8	
 261	1	791	20170220	4.8948086205E8	
 262	1	802	20170303	1.57868433984E9	
 263	1	804	20170305	1.2471092451799E9	
 264	1	811	20170312	4.1651325046E8	
 265	1	813	20170314	4.402100793E8	
 266	1	817	20170318	4.0492946892E8	
 267	1	819	20170320	5.5886725724E8	
 268	1	820	20170321	5.4368847134E8	
 269	1	825	20170326	5.150166544899E8	
 270	1	832	20170402	2.67796791106E9	
 271	1	837	20170407	2.69928795156E9	
 272	1	839	20170409	7.5055739750902E9	
 273	1	841	20170411	7.874036840899E8	
 274	1	843	20170413	5.015828188E8	
 275	1	845	20170415	5.1224894883E8	
 276	1	850	20170420	6.118574344099E8	
 277	1	851	20170421	5.7005952668E8	
 278	1	854	20170424	6.5567246895E8	
 279	1	858	20170428	1.0207920268299E9	
 280	1	859	20170429	8.733732173299E8	
 281	1	862	20170502	3.73840492153E9	
 282	1	865	20170505	2.07191179205E9	
 283	1	878	20170518	5.8804440693E8	
 284	1	879	20170519	6.264516518399E8	
 285	1	883	20170523	6.6090086812E8	
 286	1	887	20170527	8.957759742999E8	
 287	1	891	20170531	1.4143616994599E9	
 288	1	892	20170601	5.2762650929102E9	
 289	1	893	20170602	3.49639581218E9	
 290	1	895	20170604	1.8838833547099E9	
 291	1	897	20170606	2.81657443663E9	
 292	1	898	20170607	2.90705133945E9	
 293	1	899	20170608	3.61810588803E9	
 294	1	903	20170612	7.599294826499E8	
 295	1	906	20170615	8.723117935199E8	
 296	1	909	20170618	7.091737350099E8	
 297	1	911	20170620	8.089290329699E8	
 298	1	916	20170625	7.423390786799E8	
 299	1	920	20170629	1.1100881983499E9	
 300	1	927	20170706	3.21127537741E9	
 301	1	928	20170707	3.61128148893E9	
 302	1	930	20170709	1.17495865825698E10	
 303	1	933	20170712	7.478275988899E8	
 304	1	945	20170724	8.372490567099E8	
 305	1	948	20170727	9.763425227899E8	
 306	1	949	20170728	1.1095860247799E9	
 307	1	950	20170729	9.954759692099E8	
 308	1	953	20170801	6.3251024485702E9	
 309	1	955	20170803	2.82533971543E9	
 310	1	957	20170805	2.43869639709E9	
 311	1	958	20170806	2.74401453218E9	
 312	1	959	20170807	3.89430198373E9	
 313	1	963	20170811	1.1441256551099E9	
 314	1	966	20170814	7.899615335399E8	
 315	1	976	20170824	9.732952017299E8	
 316	1	978	20170826	9.325875183399E8	
 317	1	983	20170831	1.8832205357499E9	
 318	1	984	20170901	6.4718908311503E9	
 319	1	985	20170902	4.7457310880801E9	
 320	1	986	20170903	2.9658810997E9	
 321	1	987	20170904	3.34819519631E9	
 322	1	988	20170905	3.4135729606E9	
 323	1	994	20170911	1.4364186412999E9	
 324	1	1000	20170917	8.623355593299E8	
 325	1	1003	20170920	1.1256561261199E9	
 326	1	1006	20170923	9.854235904899E8	
 327	1	1009	20170926	1.3426062048099E9	
 328	1	1015	20171002	3.8966265753701E9	
 329	1	1019	20171006	3.5777636048E9	
 330	1	1020	20171007	4.5782782814301E9	
 331	1	1029	20171016	1.1953812448499E9	
 332	1	1035	20171022	8.515699950399E8	
 333	1	1042	20171029	1.3793821336399E9	
 334	1	1043	20171030	1.8153449697899E9	
 335	1	1044	20171031	2.47609244361E9	
 336	1	1046	20171102	5.6024008710702E9	
 337	1	1047	20171103	4.0145679279901E9	
 338	1	1048	20171104	3.23003758208E9	
 339	1	1052	20171108	6.8437786746902E9	
 340	1	1056	20171112	1.5363147642399E9	
 341	1	1059	20171115	1.7585552099099E9	
 342	1	1060	20171116	1.4680397848999E9	
 343	1	1061	20171117	1.3951442274999E9	
 344	1	1063	20171119	1.2655720229199E9	
 345	1	1064	20171120	1.7297686458499E9	
 346	1	1066	20171122	1.4960941421699E9	
 347	1	1071	20171127	1.9612658907999E9	
 348	1	1072	20171128	2.1098359036899E9	
 349	1	1074	20171130	2.97776226246E9	
 350	1	1080	20171206	6.7031499680102E9	
 351	1	1081	20171207	6.7385747465101E9	
 352	1	1084	20171210	1.74122715822889E10	
 353	1	1087	20171213	1.2135141158599E9	
 354	1	1089	20171215	1.7022514381899E9	
 355	1	1092	20171218	1.3420544323999E9	
 356	1	1094	20171220	1.5519694207599E9	
 357	1	1095	20171221	1.4845558052899E9	
 358	1	1100	20171226	1.7601242176199E9	2.1216179271659E9
 359	1	1101	20171227	1.7911370854699E9	2.2214362666148E9
 360	1	1106	20180101	9.8336020056702E9	6.859879102944E9
 361	1	1107	20180102	6.7971627981902E9	6.8983059282634E9
 362	1	1109	20180104	4.20754950691E9	5.1141665824919E9
 363	1	1112	20180107	5.5191318072201E9	6.2263595034086E9
 364	1	1114	20180109	2.65729340819251E10	2.37385204665599E10
 365	1	1117	20180112	1.5396255107799E9	1.3824298928326E9
 366	1	1120	20180115	1.9155776312699E9	1.1402645498584E9
 367	1	1122	20180117	1.3375578241299E9	1.3022240787302E9
 368	1	1124	20180119	1.3806050355499E9	1.4097383431535E9
 369	1	1125	20180120	1.2647716242099E9	1.5257779690692E9
 370	1	1126	20180121	1.2047481261399E9	1.3216112797578E9
 371	1	1130	20180125	1.6701347781399E9	1.8206251005092E9
 372	1	1133	20180128	1.5709237284399E9	1.6091315962641E9
 373	1	1134	20180129	1.8607827492099E9	1.4273990317663E9
 374	1	1137	20180201	1.075926098788E10	7.8200405248333E9
 375	1	1142	20180206	6.3913000064502E9	5.852322572001E9
 376	1	1144	20180208	8.7239691553001E9	8.8687122009065E9
 377	1	1145	20180209	2.75479366775041E10	2.20442334097687E10
 378	1	1146	20180210	1.53250874275291E10	1.05214903901504E10
 379	1	1147	20180211	2.10543185628E9	1.1867069350945E9
 380	1	1148	20180212	1.92006771134E9	9.273311177449E8
 381	1	1149	20180213	1.7595492062199E9	1.0648721300289E9
 382	1	1154	20180218	8.220396387599E8	8.768427118137E8
 383	1	1158	20180222	1.3121237005899E9	1.0895590292302E9
 384	1	1160	20180224	1.3825343196299E9	1.1878547417415E9
 385	1	1163	20180227	1.7244666595499E9	1.431606760524E9
 386	1	1164	20180228	2.30264142881E9	2.0129267820527E9
 387	1	1167	20180303	3.7617025464801E9	3.7588817274049E9
 388	1	1170	20180306	5.5791089767002E9	3.8493360913855E9
 389	1	1172	20180308	6.8398267390002E9	5.0042361530136E9
 390	1	1175	20180311	1.5032106086799E9	1.8806060075945E9
 391	1	1177	20180313	1.1937033508299E9	1.1236290723719E9
 392	1	1178	20180314	1.0794867882199E9	1.1433490099651E9
 393	1	1188	20180324	1.1770056221399E9	1.2638225135023E9
 394	1	1189	20180325	1.2520578220699E9	1.2674267745689E9
 395	1	2	20141221	594.24	
 396	1	4	20141225	30.6	
 397	1	7	20141229	4771.5099	
 398	1	9	20141231	25169.8799	
 399	1	13	20150104	266803.92	
 400	1	18	20150109	782460.25	
 401	1	20	20150111	405229.9699	
 402	1	22	20150113	519556.46	
 403	1	24	20150115	582122.31	
 404	1	25	20150116	759193.02	
 405	1	31	20150122	1064765.31	
 406	1	36	20150127	1833201.6799	
 407	1	43	20150203	2.37348665199E7	
 408	1	44	20150204	2.224020201E7	
 409	1	45	20150205	2.16713300499E7	
 410	1	46	20150206	2.428993018E7	
 411	1	47	20150207	2.13374526399E7	
 412	1	48	20150208	2.41973061299E7	
 413	1	49	20150209	8.47697862299E7	
 414	1	50	20150210	1.917585901999E8	
 415	1	52	20150212	6933489.53	
 416	1	53	20150213	5919059.93	
 417	1	56	20150216	3809203.69	
 418	1	57	20150217	3174181.67	
 419	1	58	20150218	1553289.8599	
 420	1	60	20150220	1106377.5799	
 421	1	62	20150222	1562467.2199	
 422	1	64	20150224	2397209.5499	
 423	1	65	20150225	3910008.24	
 424	1	67	20150227	5038806.1699	
 425	1	71	20150303	3.32131293499E7	
 426	1	72	20150304	2.73540100899E7	
 427	1	74	20150306	2.77499919699E7	
 428	1	75	20150307	2.49859503999E7	
 429	1	77	20150309	9.95550137299E7	
 430	1	78	20150310	2.5849634726E8	
 431	1	80	20150312	7560222.3599	
 432	1	82	20150314	3539525.4899	
 433	1	85	20150317	4489212.6999	
 434	1	88	20150320	4101453.1299	
 435	1	89	20150321	3035268.01	
 436	1	90	20150322	2773037.7399	
 437	1	91	20150323	4185473.13	
 438	1	93	20150325	4176560.8999	
 439	1	100	20150401	1.4297342305E8	
 440	1	101	20150402	5.60050113199E7	
 441	1	104	20150405	2.73072093799E7	
 442	1	105	20150406	3.65138891299E7	
 443	1	107	20150408	7.11870264099E7	
 444	1	111	20150412	1.21509366899E7	
 445	1	118	20150419	9521827.6899	
 446	1	120	20150421	1.453142308E7	
 447	1	121	20150422	1.40595131699E7	
 448	1	124	20150425	1.296168913E7	
 449	1	131	20150502	4.82344551299E7	
 450	1	132	20150503	5.54877444199E7	
 451	1	137	20150508	1.3137737231E8	
 452	1	143	20150514	3.45785267699E7	
 453	1	144	20150515	3.62462831799E7	
 454	1	147	20150518	3.36423362499E7	
 455	1	154	20150525	3.46157498099E7	
 456	1	155	20150526	4.183471848E7	
 457	1	158	20150529	4.24194380099E7	
 458	1	162	20150602	2.0963462014E8	
 459	1	164	20150604	1.4405416881E8	
 460	1	168	20150608	2.2616822113E8	
 461	1	170	20150610	1.1943314205199E9	
 462	1	174	20150614	3.29970833199E7	
 463	1	175	20150615	4.964024581E7	
 464	1	176	20150616	4.084376439E7	
 465	1	179	20150619	3.590411728E7	
 466	1	180	20150620	2.85827251599E7	
 467	1	181	20150621	2.81191639199E7	
 468	1	184	20150624	4.094165427E7	
 469	1	185	20150625	4.572034517E7	
 470	1	186	20150626	4.42512575599E7	
 471	1	187	20150627	3.815806828E7	
 472	1	189	20150629	5.52130120599E7	
 473	1	190	20150630	6.709446252E7	
 474	1	191	20150701	4.3266373615E8	
 475	1	192	20150702	2.2951884579E8	
 476	1	195	20150705	1.4129344909E8	
 477	1	198	20150708	2.7251960599E8	
 478	1	209	20150719	3.64702383799E7	
 479	1	210	20150720	5.41708444499E7	
 480	1	212	20150722	5.10643986299E7	
 481	1	215	20150725	4.33344066299E7	
 482	1	216	20150726	4.23382560899E7	
 483	1	217	20150727	6.00202212599E7	
 484	1	220	20150730	7.137172465E7	
 485	1	226	20150805	2.227991275E8	
 486	1	227	20150806	2.3761332337E8	
 487	1	230	20150809	5.5298354674E8	
 488	1	231	20150810	1.8492627463399E9	
 489	1	234	20150813	7.062832318E7	
 490	1	237	20150816	5.34737996599E7	
 491	1	238	20150817	7.19767925999E7	
 492	1	239	20150818	6.50873110699E7	
 493	1	241	20150820	6.41590640199E7	
 494	1	242	20150821	6.62502108899E7	
 495	1	246	20150825	7.68643700799E7	
 496	1	254	20150902	3.1235726655E8	
 497	1	256	20150904	2.2151781527E8	
 498	1	258	20150906	3.074634944899E8	
 499	1	261	20150909	7.890256147199E8	
 500	1	267	20150915	1.165935152099E8	
 501	1	273	20150921	9.50036329199E7	
 502	1	274	20150922	8.88648786999E7	
 503	1	275	20150923	8.73055375799E7	
 504	1	282	20150930	1.6600239675E8	
 505	1	288	20151006	3.1575537369E8	
 506	1	291	20151009	1.0944025863699E9	
 507	1	293	20151011	1.828061100399E8	
 508	1	301	20151019	1.1419910751E8	
 509	1	304	20151022	1.131360399E8	
 510	1	305	20151023	1.180142674599E8	
 511	1	308	20151026	1.388627611699E8	
 512	1	309	20151027	1.3824021487E8	
 513	1	310	20151028	1.4432930169E8	
 514	1	315	20151102	6.1216557143E8	
 515	1	318	20151105	4.415018576E8	
 516	1	324	20151111	2.8234162718E8	
 517	1	331	20151118	2.068150997499E8	
 518	1	332	20151119	2.0485826212E8	
 519	1	333	20151120	2.2370167452E8	
 520	1	336	20151123	2.2076625626E8	
 521	1	337	20151124	2.1346914732E8	
 522	1	341	20151128	2.342508668799E8	
 523	1	342	20151129	2.4817872821E8	
 524	1	345	20151202	1.1734741543899E9	
 525	1	349	20151206	6.167941956299E8	
 526	1	358	20151215	2.3185819682E8	
 527	1	359	20151216	1.786287817499E8	
 528	1	363	20151220	1.322873987399E8	
 529	1	364	20151221	1.7632166343E8	
 530	1	365	20151222	1.6160484774E8	
 531	1	367	20151224	1.567930487799E8	
 532	1	368	20151225	1.783495067099E8	
 533	1	371	20151228	2.084313275399E8	
 534	1	377	20160103	5.343893652799E8	
 535	1	378	20160104	6.440871343299E8	
 536	1	383	20160109	1.7734190812699E9	
 537	1	384	20160110	3.82820401674E9	
 538	1	385	20160111	3.688139814E8	
 539	1	388	20160114	1.727719409699E8	
 540	1	392	20160118	1.690275074799E8	
 541	1	399	20160125	2.0565539569E8	
 542	1	403	20160129	2.9551049125E8	
 543	1	404	20160130	2.474429342E8	
 544	1	409	20160204	7.778532141999E8	
 545	1	415	20160210	3.88830551841E9	
 546	1	416	20160211	2.304881000199E8	
 547	1	421	20160216	1.4103413955E8	
 548	1	427	20160222	1.468139436999E8	
 549	1	429	20160224	1.555359675199E8	
 550	1	432	20160227	1.626258599199E8	
 551	1	434	20160229	2.7226950476E8	
 552	1	435	20160301	8.341546527099E8	
 553	1	437	20160303	5.4504904328E8	
 554	1	438	20160304	4.7227010962E8	
 555	1	441	20160307	6.534313864599E8	
 556	1	448	20160314	1.923173438399E8	
 557	1	453	20160319	1.453793384299E8	
 558	1	454	20160320	1.516206094599E8	
 559	1	455	20160321	1.981527301299E8	
 560	1	456	20160322	1.857127262199E8	
 561	1	460	20160326	1.810727759399E8	
 562	1	465	20160331	3.3278946606E8	
 563	1	466	20160401	1.2779985953099E9	
 564	1	469	20160404	5.5450415463E8	
 565	1	472	20160407	8.973258434799E8	
 566	1	473	20160408	1.0670715468399E9	
 567	1	474	20160409	2.1434063094899E9	
 568	1	476	20160411	3.9216810033E8	
 569	1	478	20160413	2.0435851825E8	
 570	1	479	20160414	1.874455731899E8	
 571	1	490	20160425	2.5481511771E8	
 572	1	491	20160426	2.5961725035E8	
 573	1	495	20160430	3.2998218498E8	
 574	1	496	20160501	1.1987729467099E9	
 575	1	497	20160502	1.1853942113599E9	
 576	1	504	20160509	2.57156728695E9	
 577	1	514	20160519	1.995660629799E8	
 578	1	517	20160522	1.876574085799E8	
 579	1	520	20160525	2.6069902004E8	
 580	1	523	20160528	2.4144464171E8	
 581	1	529	20160603	8.413466039899E8	
 582	1	532	20160606	9.483402593999E8	
 583	1	533	20160607	9.645386618199E8	
 584	1	535	20160609	2.53041549519E9	
 585	1	536	20160610	4.15141919621E9	
 586	1	551	20160625	2.3589764076E8	
 587	1	553	20160627	3.0326538191E8	
 588	1	554	20160628	3.2896401742E8	
 589	1	555	20160629	3.4772078263E8	
 590	1	562	20160706	1.0072728538499E9	
 591	1	566	20160710	4.40673719483E9	
 592	1	567	20160711	4.6382061257E8	
 593	1	571	20160715	3.2246335527E8	
 594	1	572	20160716	2.2022235327E8	
 595	1	574	20160718	2.397410457099E8	
 596	1	580	20160724	2.032916176599E8	
 597	1	583	20160727	2.834049099899E8	
 598	1	591	20160804	7.884500537199E8	
 599	1	595	20160808	1.34228095911E9	
 600	1	598	20160811	4.1376654043E8	
 601	1	601	20160814	1.917269393999E8	
 602	1	603	20160816	2.7794206482E8	
 603	1	604	20160817	2.3516966134E8	
 604	1	609	20160822	2.638667523899E8	
 605	1	610	20160823	2.552013304399E8	
 606	1	613	20160826	3.1428882075E8	
 607	1	615	20160828	2.8149356045E8	
 608	1	616	20160829	3.6294926753E8	
 609	1	618	20160831	4.3924350774E8	
 610	1	621	20160903	8.157751501199E8	
 611	1	623	20160905	9.620181146899E8	
 612	1	636	20160918	2.8325395698E8	
 613	1	638	20160920	3.1267414257E8	
 614	1	643	20160925	2.696728432E8	
 615	1	645	20160927	3.7196656414E8	
 616	1	647	20160929	4.7206927032E8	
 617	1	648	20160930	6.2856910431E8	
 618	1	649	20161001	1.918076012E9	
 619	1	654	20161006	1.0647893662599E9	
 620	1	657	20161009	4.0500286221001E9	
 621	1	658	20161010	4.9390619113401E9	
 622	1	663	20161015	2.9247144499E8	
 623	1	676	20161028	4.4691598407E8	
 624	1	677	20161029	4.0007187746E8	
 625	1	681	20161102	2.01298498565E9	
 626	1	682	20161103	1.2131633960699E9	
 627	1	689	20161110	5.3364495420401E9	
 628	1	693	20161114	4.0335795545E8	
 629	1	695	20161116	5.040859939E8	
 630	1	696	20161117	4.661556802E8	
 631	1	701	20161122	5.4273399058E8	
 632	1	703	20161124	5.2045989859E8	
 633	1	706	20161127	5.5895915989E8	
 634	1	708	20161129	7.985134464399E8	
 635	1	709	20161130	9.978642845199E8	
 636	1	711	20161202	2.82155533997E9	
 637	1	716	20161207	2.11830935608E9	
 638	1	718	20161209	6.8824664797601E9	
 639	1	719	20161210	7.36173782417E9	
 640	1	720	20161211	6.2930845447E8	
 641	1	724	20161215	5.9231395018E8	
 642	1	725	20161216	4.9642703966E8	
 643	1	730	20161221	5.0584354661E8	
 644	1	732	20161223	5.1509031974E8	
 645	1	734	20161225	4.9100002911E8	
 646	1	739	20161230	8.195461579999E8	
 647	1	744	20170104	1.6782783885E9	
 648	1	745	20170105	1.91999447968E9	
 649	1	749	20170109	6.7076646428602E9	
 650	1	758	20170118	5.4170388151E8	
 651	1	759	20170119	5.4952461672E8	
 652	1	760	20170120	6.438350447E8	
 653	1	769	20170129	4.409088620799E8	
 654	1	770	20170130	4.730127016799E8	
 655	1	773	20170202	3.21907644493E9	
 656	1	775	20170204	1.69857894474E9	
 657	1	776	20170205	1.55698286827E9	
 658	1	777	20170206	2.18821333268E9	
 659	1	778	20170207	2.26212513299E9	
 660	1	779	20170208	2.64813228882E9	
 661	1	780	20170209	7.1284521710702E9	
 662	1	782	20170211	5.7017066075E8	
 663	1	783	20170212	4.0795440712E8	
 664	1	785	20170214	3.9930726736E8	
 665	1	788	20170217	4.0987154205E8	
 666	1	790	20170219	3.6889096407E8	
 667	1	792	20170221	4.5991265183E8	
 668	1	793	20170222	4.3825157289E8	
 669	1	795	20170224	4.975620484099E8	
 670	1	796	20170225	4.7073572984E8	
 671	1	797	20170226	5.0017199508E8	
 672	1	798	20170227	6.5565413714E8	
 673	1	801	20170302	2.68661848913E9	
 674	1	803	20170304	1.2121248018999E9	
 675	1	805	20170306	1.86215576444E9	
 676	1	806	20170307	2.0109893692E9	
 677	1	808	20170309	5.7205501551703E9	
 678	1	810	20170311	5.5925079295E8	
 679	1	816	20170317	4.5600045252E8	
 680	1	818	20170319	4.1342829649E8	
 681	1	821	20170322	5.1152071681E8	
 682	1	822	20170323	5.0947398831E8	
 683	1	823	20170324	5.5868174119E8	
 684	1	824	20170325	5.1546675855E8	
 685	1	826	20170327	6.552644842799E8	
 686	1	828	20170329	7.122550941999E8	
 687	1	830	20170331	9.968121205399E8	
 688	1	834	20170404	1.5644928451999E9	
 689	1	835	20170405	2.13971685727E9	
 690	1	842	20170412	5.4393042112E8	
 691	1	846	20170416	4.6265602291E8	
 692	1	847	20170417	5.9651235132E8	
 693	1	848	20170418	5.5873354751E8	
 694	1	852	20170422	4.8444940603E8	
 695	1	856	20170426	7.417144609099E8	
 696	1	857	20170427	8.200357166799E8	
 697	1	860	20170430	9.687226008499E8	
 698	1	867	20170507	2.29148752081E9	
 699	1	868	20170508	3.36855445487E9	
 700	1	869	20170509	8.6453243255102E9	
 701	1	871	20170511	8.023482558799E8	
 702	1	874	20170514	4.7284407564E8	
 703	1	876	20170516	6.669657748899E8	
 704	1	877	20170517	5.7869816355E8	
 705	1	882	20170522	6.900378495299E8	
 706	1	884	20170524	6.7434952973E8	
 707	1	888	20170528	8.115630339199E8	
 708	1	889	20170529	8.171739114299E8	
 709	1	902	20170611	8.321725346099E8	
 710	1	907	20170616	7.298624224299E8	
 711	1	910	20170619	6.9294880995E8	
 712	1	914	20170623	7.641837580099E8	
 713	1	915	20170624	6.817636700999E8	
 714	1	917	20170626	9.257777741299E8	
 715	1	921	20170630	1.5050476016899E9	
 716	1	934	20170713	6.9206608792E8	
 717	1	937	20170716	6.455506946999E8	
 718	1	938	20170717	8.059754199099E8	
 719	1	941	20170720	8.382475681899E8	
 720	1	942	20170721	7.912887592299E8	
 721	1	943	20170722	6.992092149799E8	
 722	1	944	20170723	7.072307537499E8	
 723	1	946	20170725	9.690721636799E8	
 724	1	952	20170731	1.6893241771599E9	
 725	1	954	20170802	4.3686966226301E9	
 726	1	956	20170804	2.72626583578E9	
 727	1	961	20170809	1.37409707376593E10	
 728	1	962	20170810	1.11197628593498E10	
 729	1	964	20170812	7.213757141999E8	
 730	1	967	20170815	1.1251072076999E9	
 731	1	970	20170818	8.615786792099E8	
 732	1	971	20170819	7.303377042099E8	
 733	1	975	20170823	8.904548363899E8	
 734	1	977	20170825	1.0731037864099E9	
 735	1	979	20170827	9.629329225599E8	
 736	1	981	20170829	1.3126376354199E9	
 737	1	990	20170907	4.0767029316201E9	
 738	1	995	20170912	1.0284544602299E9	
 739	1	997	20170914	8.822516918699E8	
 740	1	1001	20170918	1.0223593833699E9	
 741	1	1002	20170919	9.968119780499E8	
 742	1	1004	20170921	1.0626028630399E9	
 743	1	1005	20170922	1.0643255776099E9	
 744	1	1007	20170924	1.0352829245099E9	
 745	1	1011	20170928	1.5769550963599E9	
 746	1	1013	20170930	2.40663866462E9	
 747	1	1017	20171004	2.85722351197E9	
 748	1	1021	20171008	6.2693678936002E9	
 749	1	1022	20171009	2.02858270103571E10	
 750	1	1024	20171011	1.4171443536699E9	
 751	1	1025	20171012	1.0478183540899E9	
 752	1	1030	20171017	1.0574331122399E9	
 753	1	1031	20171018	1.0066077089499E9	
 754	1	1039	20171026	1.2312356015899E9	
 755	1	1045	20171101	8.5738685468103E9	
 756	1	1050	20171106	5.1385229130201E9	
 757	1	1054	20171110	1.44564083378391E10	
 758	1	1055	20171111	1.7367751970899E9	
 759	1	1057	20171113	1.4754654803899E9	
 760	1	1058	20171114	1.2214854464299E9	
 761	1	1065	20171121	1.5975374765899E9	
 762	1	1067	20171123	1.4686498258199E9	
 763	1	1068	20171124	1.6153908323199E9	
 764	1	1069	20171125	1.4738255461199E9	
 765	1	1073	20171129	2.21948226121E9	
 766	1	1075	20171201	9.7752846655801E9	
 767	1	1078	20171204	5.0935242374301E9	
 768	1	1085	20171211	2.18593724279E9	
 769	1	1093	20171219	1.2799065021799E9	
 770	1	1096	20171222	1.4275677306799E9	4.3911033025287E9
 771	1	1098	20171224	1.3867178564199E9	2.0973027839355E9
 772	1	1099	20171225	1.8025462413199E9	1.8880711688812E9
 773	1	1102	20171228	2.0244769737799E9	2.2847325086972E9
 774	1	1103	20171229	2.2958473536399E9	2.3764601601183E9
 775	1	1105	20171231	2.3002642656499E9	5.5868089999722E9
 776	1	1111	20180106	5.3299361416301E9	5.9001096740218E9
 777	1	1116	20180111	2.0322980827499E9	1.7984923600113E9
 778	1	1118	20180113	1.1670304801199E9	1.3547327006992E9
 779	1	1119	20180114	1.0658334193399E9	1.3244773406607E9
 780	1	1129	20180124	1.5639224805099E9	1.6943720907709E9
 781	1	1131	20180126	1.6761603016699E9	1.7694923363473E9
 782	1	1139	20180203	4.2536322091501E9	5.5337091343513E9
 783	1	1141	20180205	5.0886197980201E9	4.8946721705114E9
 784	1	1143	20180207	6.6341438427802E9	5.1279508462692E9
 785	1	1150	20180214	1.5298487688899E9	1.0226419461607E9
 786	1	1151	20180215	1.1681910786399E9	1.1289364935351E9
 787	1	1152	20180216	9.073446834199E8	9.754370438793E8
 788	1	1153	20180217	7.979993216899E8	9.334503862825E8
 789	1	1155	20180219	8.770360665999E8	8.765588112246E8
 790	1	1156	20180220	9.757159800399E8	1.0174438125433E9
 791	1	1162	20180226	1.5951061150699E9	1.1766397350784E9
 792	1	1165	20180301	8.7933631993003E9	7.1658383305953E9
 793	1	1166	20180302	5.0452743230502E9	6.5465722321261E9
 794	1	1168	20180304	3.5756592465601E9	3.0410020727549E9
 795	1	1176	20180312	1.4598617989599E9	1.0841241691543E9
 796	1	1181	20180317	1.0260107012399E9	1.0969245614432E9
 797	1	1182	20180318	1.0187400483699E9	1.0272200160082E9
 798	1	1186	20180322	1.2044433408899E9	1.193424220446E9
 799	1	1190	20180326	1.5816864579799E9	1.1859603270344E9
 800	1	1191	20180327	1.5716856625599E9	1.3910519454139E9
 801	1	1192	20180328	1.6433906202299E9	1.6161429952885E9
 802	1	1193	20180329	1.126884477E7	1.6334245187231E9
 803					1.7744350492344E9
 804	1	8	20141230	12864.23	
 805	1	10	20150101	201419.4899	
 806	1	14	20150105	316187.96	
 807	1	15	20150106	341742.5799	
 808	1	16	20150107	334353.35	
 809	1	17	20150108	464943.07	
 810	1	19	20150110	2091890.8799	
 811	1	27	20150118	538987.7899	
 812	1	28	20150119	913202.82	
 813	1	32	20150123	1232537.18	
 814	1	33	20150124	972480.35	
 815	1	37	20150128	1819143.8699	
 816	1	38	20150129	2072051.19	
 817	1	39	20150130	2405339.3	
 818	1	42	20150202	3.166529437E7	
 819	1	54	20150214	3312537.0999	
 820	1	55	20150215	4212197.85	
 821	1	59	20150219	1102314.4799	
 822	1	61	20150221	1362160.8699	
 823	1	68	20150228	4745715.75	
 824	1	69	20150301	8.176216009E7	
 825	1	73	20150305	2.54673292599E7	
 826	1	84	20150316	4526159.27	
 827	1	92	20150324	3979025.86	
 828	1	97	20150329	3196881.6399	
 829	1	98	20150330	5057174.14	
 830	1	103	20150404	3.17362994899E7	
 831	1	112	20150413	1.571174583E7	
 832	1	113	20150414	1.262370815E7	
 833	1	115	20150416	1.23453093E7	
 834	1	116	20150417	1.284753543E7	
 835	1	119	20150420	1.48352562099E7	
 836	1	122	20150423	1.446857323E7	
 837	1	125	20150426	1.31303414699E7	
 838	1	128	20150429	2.078574883E7	
 839	1	129	20150430	2.60421503999E7	
 840	1	130	20150501	5.95311475299E7	
 841	1	135	20150506	8.89903879499E7	
 842	1	136	20150507	9.82311541599E7	
 843	1	140	20150511	3.3863922545E8	
 844	1	141	20150512	6.073385376E7	
 845	1	142	20150513	4.192547312E7	
 846	1	145	20150516	2.71267650199E7	
 847	1	146	20150517	2.61744800499E7	
 848	1	148	20150519	3.077020721E7	
 849	1	151	20150522	2.986771792E7	
 850	1	152	20150523	2.49311323099E7	
 851	1	156	20150527	3.714095735E7	
 852	1	160	20150531	4.006954559E7	
 853	1	166	20150606	1.306925368199E8	
 854	1	167	20150607	1.266519587E8	
 855	1	169	20150609	4.3377751526E8	
 856	1	178	20150618	3.774463508E7	
 857	1	199	20150709	5.511738656899E8	
 858	1	200	20150710	1.2955953225699E9	
 859	1	204	20150714	5.64074520799E7	
 860	1	205	20150715	5.93055620699E7	
 861	1	206	20150716	5.07263194299E7	
 862	1	207	20150717	4.79367484599E7	
 863	1	208	20150718	3.87203944399E7	
 864	1	211	20150721	5.24836972299E7	
 865	1	214	20150724	5.29589021799E7	
 866	1	223	20150802	2.0714455773E8	
 867	1	225	20150804	2.2726776524E8	
 868	1	228	20150807	2.784676438499E8	
 869	1	236	20150815	6.027688341E7	
 870	1	240	20150819	6.14888431899E7	
 871	1	244	20150823	5.31423565699E7	
 872	1	245	20150824	7.378958589E7	
 873	1	247	20150826	7.81749118499E7	
 874	1	249	20150828	8.62316114699E7	
 875	1	250	20150829	7.62841418799E7	
 876	1	251	20150830	7.74577290599E7	
 877	1	252	20150831	1.214097367699E8	
 878	1	253	20150901	6.0979389209E8	
 879	1	255	20150903	2.037016097699E8	
 880	1	257	20150905	2.2504832353E8	
 881	1	262	20150910	2.2828839312399E9	
 882	1	263	20150911	1.967943860099E8	
 883	1	264	20150912	1.001227560699E8	
 884	1	265	20150913	7.58242426799E7	
 885	1	272	20150920	6.90395530499E7	
 886	1	278	20150926	8.812834778E7	
 887	1	279	20150927	8.11236981899E7	
 888	1	280	20150928	1.2483705758E8	
 889	1	281	20150929	1.3635360684E8	
 890	1	283	20151001	6.928027154299E8	
 891	1	289	20151007	3.610813777E8	
 892	1	290	20151008	5.880832077999E8	
 893	1	294	20151012	1.6052520966E8	
 894	1	296	20151014	1.1201891645E8	
 895	1	297	20151015	1.529991949699E8	
 896	1	298	20151016	1.256102673499E8	
 897	1	299	20151017	9.82174191E7	
 898	1	302	20151020	1.2456554352E8	
 899	1	303	20151021	1.1735954781E8	
 900	1	306	20151024	1.0360234105E8	
 901	1	307	20151025	1.040348584199E8	
 902	1	311	20151029	1.522960063E8	
 903	1	313	20151031	1.711069385699E8	
 904	1	316	20151103	4.7683984874E8	
 905	1	317	20151104	4.3293790805E8	
 906	1	319	20151106	4.3303798055E8	
 907	1	320	20151107	3.870840108E8	
 908	1	321	20151108	4.9460611455E8	
 909	1	323	20151110	3.33992814695E9	
 910	1	325	20151112	2.4455723821E8	
 911	1	328	20151115	1.612597031399E8	
 912	1	330	20151117	2.0860936438E8	
 913	1	339	20151126	2.5320219394E8	
 914	1	343	20151130	4.0412808634E8	
 915	1	347	20151204	6.962141192199E8	
 916	1	348	20151205	5.551509887499E8	
 917	1	350	20151207	1.0097285135499E9	
 918	1	354	20151211	3.5815810639E8	
 919	1	360	20151217	1.573695052299E8	
 920	1	362	20151219	1.301634413599E8	
 921	1	370	20151227	1.5489393551E8	
 922	1	376	20160102	6.125985599399E8	
 923	1	390	20160116	1.525618941799E8	
 924	1	393	20160119	1.6694398057E8	
 925	1	395	20160121	1.806015355399E8	
 926	1	398	20160124	1.4656760023E8	
 927	1	400	20160126	2.133414903699E8	
 928	1	401	20160127	2.250242632299E8	
 929	1	405	20160131	2.564167812099E8	
 930	1	406	20160201	1.2571766507199E9	
 931	1	407	20160202	1.2907348980699E9	
 932	1	408	20160203	7.838788241699E8	
 933	1	410	20160205	8.345099454499E8	
 934	1	413	20160208	5.500191314899E8	
 935	1	414	20160209	1.7057655338399E9	
 936	1	418	20160213	1.369233235899E8	
 937	1	419	20160214	1.685590018499E8	
 938	1	422	20160217	1.313831879999E8	
 939	1	424	20160219	1.349823350499E8	
 940	1	425	20160220	1.262388806599E8	
 941	1	426	20160221	1.182852590199E8	
 942	1	431	20160226	1.776228214199E8	
 943	1	433	20160228	1.770213276199E8	
 944	1	439	20160305	3.962619826E8	
 945	1	440	20160306	4.4852784918E8	
 946	1	445	20160311	4.0740859074E8	
 947	1	446	20160312	1.802032547399E8	
 948	1	449	20160315	2.3006214508E8	
 949	1	457	20160323	1.846596654199E8	
 950	1	459	20160325	2.127456105199E8	
 951	1	462	20160328	2.5462648792E8	
 952	1	463	20160329	2.528694312699E8	
 953	1	464	20160330	2.720041295499E8	
 954	1	467	20160402	1.0747690677799E9	
 955	1	470	20160405	7.750689192599E8	
 956	1	481	20160416	1.743802506499E8	
 957	1	485	20160420	2.20444979E8	
 958	1	486	20160421	2.068299040299E8	
 959	1	487	20160422	2.0067033906E8	
 960	1	488	20160423	1.751772169399E8	
 961	1	489	20160424	1.8147539227E8	
 962	1	494	20160429	3.535096791E8	
 963	1	498	20160503	9.397605242199E8	
 964	1	499	20160504	7.733931469299E8	
 965	1	501	20160506	8.040408652899E8	
 966	1	506	20160511	3.577304097E8	
 967	1	508	20160513	2.4613628319E8	
 968	1	511	20160516	2.5281028504E8	
 969	1	515	20160520	2.4403108647E8	
 970	1	516	20160521	1.974430096399E8	
 971	1	521	20160526	2.600314153699E8	
 972	1	522	20160527	2.694547712499E8	
 973	1	524	20160529	2.5779742961E8	
 974	1	526	20160531	4.3539531081E8	
 975	1	527	20160601	1.7157080056199E9	
 976	1	528	20160602	1.3794034838799E9	
 977	1	539	20160613	2.6866675989E8	
 978	1	540	20160614	2.197589336799E8	
 979	1	542	20160616	2.5093731541E8	
 980	1	544	20160618	2.127373108699E8	
 981	1	547	20160621	2.4641543759E8	
 982	1	548	20160622	2.3866030651E8	
 983	1	550	20160624	2.5606441036E8	
 984	1	552	20160626	2.3055102706E8	
 985	1	556	20160630	4.455392026E8	
 986	1	557	20160701	1.6832712612299E9	
 987	1	563	20160707	1.0888110565899E9	
 988	1	564	20160708	1.3742171768299E9	
 989	1	573	20160717	1.859093327999E8	
 990	1	576	20160720	2.6010019766E8	
 991	1	577	20160721	2.4694252806E8	
 992	1	578	20160722	2.3216071503E8	
 993	1	581	20160725	2.8274630943E8	
 994	1	584	20160728	3.1110925293E8	
 995	1	585	20160729	3.5813233007E8	
 996	1	586	20160730	3.1653398795E8	
 997	1	587	20160731	3.482560126E8	
 998	1	590	20160803	8.826570245299E8	
 999	1	599	20160812	3.0326903916E8	
 1000	1	600	20160813	2.245524141199E8	
 1001	1	602	20160815	3.418608169E8	
 1002	1	606	20160819	2.450949480299E8	
 1003	1	607	20160820	2.177313563199E8	
 1004	1	608	20160821	2.050870409799E8	
 1005	1	611	20160824	2.5802251622E8	
 1006	1	622	20160904	7.3926323953E8	
 1007	1	624	20160906	1.0511667933699E9	
 1008	1	626	20160908	1.56573388464E9	
 1009	1	627	20160909	3.5597229709E9	
 1010	1	628	20160910	4.2891475952E9	
 1011	1	629	20160911	3.628380314E8	
 1012	1	633	20160915	2.531316168E8	
 1013	1	637	20160919	2.849299471E8	
 1014	1	640	20160922	2.8714468058E8	
 1015	1	641	20160923	2.9996522004E8	
 1016	1	642	20160924	2.6369261566E8	
 1017	1	646	20160928	4.0657338612E8	
 1018	1	652	20161004	8.315617513199E8	
 1019	1	653	20161005	8.586045651599E8	
 1020	1	655	20161007	1.29336742308E9	
 1021	1	659	20161011	4.9301166969E8	
 1022	1	662	20161014	3.4110978778E8	
 1023	1	664	20161016	2.5673472398E8	
 1024	1	665	20161017	3.312323007E8	
 1025	1	668	20161020	3.5234609933E8	
 1026	1	669	20161021	3.3127885676E8	
 1027	1	670	20161022	2.810978185E8	
 1028	1	674	20161026	3.8376947563E8	
 1029	1	675	20161027	3.9066527193E8	
 1030	1	680	20161101	2.65083601535E9	
 1031	1	683	20161104	1.0881754085399E9	
 1032	1	685	20161106	1.1334829389099E9	
 1033	1	686	20161107	1.52421341016E9	
 1034	1	687	20161108	1.80028001926E9	
 1035	1	692	20161113	3.3294118019E8	
 1036	1	697	20161118	5.049943747E8	
 1037	1	699	20161120	4.7455451691E8	
 1038	1	700	20161121	5.8709892227E8	
 1039	1	705	20161126	5.1850280107E8	
 1040	1	707	20161128	7.5082561087E8	
 1041	1	714	20161205	1.82793880168E9	
 1042	1	723	20161214	4.0596645673E8	
 1043	1	727	20161218	4.0324545709E8	
 1044	1	737	20161228	6.6118503428E8	
 1045	1	738	20161229	7.110341547399E8	
 1046	1	742	20170102	2.76840872917E9	
 1047	1	743	20170103	2.15208255141E9	
 1048	1	747	20170107	1.91897177012E9	
 1049	1	748	20170108	2.3738717721E9	
 1050	1	752	20170112	5.1565180118E8	
 1051	1	753	20170113	5.4416923338E8	
 1052	1	755	20170115	4.3557774431E8	
 1053	1	757	20170117	5.1693807549E8	
 1054	1	761	20170121	5.3173647712E8	
 1055	1	762	20170122	5.6797026433E8	
 1056	1	765	20170125	7.934601018499E8	
 1057	1	766	20170126	7.317765271999E8	
 1058	1	767	20170127	5.708675667999E8	
 1059	1	771	20170131	5.430845876699E8	
 1060	1	772	20170201	2.35904906318E9	
 1061	1	774	20170203	2.02093937725E9	
 1062	1	794	20170223	4.4490950141E8	
 1063	1	799	20170228	8.794957900599E8	
 1064	1	800	20170301	3.4456761620601E9	
 1065	1	807	20170308	2.1778952903E9	
 1066	1	809	20170310	5.9824518992102E9	
 1067	1	812	20170313	4.6777607354E8	
 1068	1	814	20170315	6.0586900005E8	
 1069	1	815	20170316	4.9981235832E8	
 1070	1	827	20170328	6.9703750995E8	
 1071	1	829	20170330	7.793535390899E8	
 1072	1	831	20170401	3.9955188412201E9	
 1073	1	833	20170403	1.5927670290199E9	
 1074	1	836	20170406	2.40654875796E9	
 1075	1	838	20170408	2.60690834881E9	
 1076	1	840	20170410	7.9414747479001E9	
 1077	1	844	20170414	5.804746241899E8	
 1078	1	849	20170419	5.295617724E8	
 1079	1	853	20170423	5.4562367599E8	
 1080	1	855	20170425	7.335985069899E8	
 1081	1	861	20170501	4.2423959055301E9	
 1082	1	863	20170503	2.22758414199E9	
 1083	1	864	20170504	1.97560138803E9	
 1084	1	866	20170506	2.18955203626E9	
 1085	1	870	20170510	8.1931418437601E9	
 1086	1	872	20170512	5.9752968383E8	
 1087	1	873	20170513	4.9016646116E8	
 1088	1	875	20170515	8.041037491299E8	
 1089	1	880	20170520	5.8776937667E8	
 1090	1	881	20170521	5.799226863E8	
 1091	1	885	20170525	7.859684901499E8	
 1092	1	886	20170526	8.313623144399E8	
 1093	1	890	20170530	9.160064042699E8	
 1094	1	894	20170603	2.04420660267E9	
 1095	1	896	20170605	2.45974481273E9	
 1096	1	900	20170609	1.059067297906E10	
 1097	1	901	20170610	8.9376731105701E9	
 1098	1	904	20170613	6.4178529197E8	
 1099	1	905	20170614	5.9555626565E8	
 1100	1	908	20170617	6.1128016328E8	
 1101	1	912	20170621	7.277843927799E8	
 1102	1	913	20170622	7.182579533299E8	
 1103	1	918	20170627	9.327242995099E8	
 1104	1	919	20170628	1.0216522787199E9	
 1105	1	922	20170701	5.4212478358502E9	
 1106	1	923	20170702	3.68747816555E9	
 1107	1	924	20170703	2.84254566411E9	
 1108	1	925	20170704	2.57118709022E9	
 1109	1	926	20170705	2.75493208773E9	
 1110	1	929	20170708	3.92224207287E9	
 1111	1	931	20170710	1.06365975072898E10	
 1112	1	932	20170711	1.0755594410399E9	
 1113	1	935	20170714	8.087643869599E8	
 1114	1	936	20170715	7.417884293499E8	
 1115	1	939	20170718	7.643703911399E8	
 1116	1	940	20170719	7.273323146299E8	
 1117	1	947	20170726	9.520274265499E8	
 1118	1	951	20170730	1.0497742940999E9	
 1119	1	960	20170808	4.9256154906001E9	
 1120	1	965	20170813	6.801950216799E8	
 1121	1	968	20170816	9.203413462399E8	
 1122	1	969	20170817	7.922791826599E8	
 1123	1	972	20170820	7.565573942599E8	
 1124	1	973	20170821	9.274057387199E8	
 1125	1	974	20170822	9.154655815499E8	
 1126	1	980	20170828	1.2143231875599E9	
 1127	1	982	20170830	1.4086566102199E9	
 1128	1	989	20170906	3.78946566055E9	
 1129	1	991	20170908	5.7740887390601E9	
 1130	1	992	20170909	1.49362461814289E10	
 1131	1	993	20170910	1.11545754679398E10	
 1132	1	996	20170913	9.345476544299E8	
 1133	1	998	20170915	1.3086021359799E9	
 1134	1	999	20170916	9.493447467199E8	
 1135	1	1008	20170925	1.3508393835899E9	
 1136	1	1010	20170927	1.3602927673699E9	
 1137	1	1012	20170929	1.9008287832499E9	
 1138	1	1014	20171001	7.5225732686503E9	
 1139	1	1016	20171003	4.2978290062701E9	
 1140	1	1018	20171005	3.25304325246E9	
 1141	1	1023	20171010	1.35470960158293E10	
 1142	1	1026	20171013	1.0855565247899E9	
 1143	1	1027	20171014	8.692585098999E8	
 1144	1	1028	20171015	9.242297682599E8	
 1145	1	1032	20171019	1.0043383058899E9	
 1146	1	1033	20171020	1.1535513274099E9	
 1147	1	1034	20171021	8.834129560099E8	
 1148	1	1036	20171023	1.0209666354499E9	
 1149	1	1037	20171024	1.0269673844399E9	
 1150	1	1038	20171025	1.1854470830199E9	
 1151	1	1040	20171027	1.4704589419799E9	
 1152	1	1041	20171028	1.4004129613399E9	
 1153	1	1049	20171105	3.40987227106E9	
 1154	1	1051	20171107	5.2210973290701E9	
 1155	1	1053	20171109	2.02681193314772E10	
 1156	1	1062	20171118	1.2332450552999E9	
 1157	1	1070	20171126	1.5529832956299E9	
 1158	1	1076	20171202	7.3869190360302E9	
 1159	1	1077	20171203	4.6031516345601E9	
 1160	1	1079	20171205	5.3641180218001E9	
 1161	1	1082	20171208	9.4303549452601E9	
 1162	1	1083	20171209	2.71681139749353E10	
 1163	1	1086	20171212	1.8177348145399E9	
 1164	1	1088	20171214	1.0910841562499E9	
 1165	1	1090	20171216	1.2134502546899E9	
 1166	1	1091	20171217	1.1105994170899E9	
 1167	1	1097	20171223	1.3174037892099E9	2.5319024262536E9
 1168	1	1104	20171230	2.0595203826299E9	2.6593437963085E9
 1169	1	1108	20180103	5.6104891517801E9	6.0045441745325E9
 1170	1	1110	20180105	4.69121524912E9	5.5565747110284E9
 1171	1	1113	20180108	8.8795698207701E9	9.6556163631246E9
 1172	1	1115	20180110	1.72036208943989E10	1.21133797812835E10
 1173	1	1121	20180116	1.5353532933399E9	1.2883176323925E9
 1174	1	1123	20180118	1.2940545708899E9	1.3323113349567E9
 1175	1	1127	20180122	1.4408629959699E9	1.3251371034078E9
 1176	1	1128	20180123	1.4694943062999E9	1.3952291485826E9
 1177	1	1132	20180127	1.4864087818899E9	1.6168362590931E9
 1178	1	1135	20180130	2.1036081535899E9	1.5169990930013E9
 1179	1	1136	20180131	2.74441573348E9	4.2439677633145E9
 1180	1	1138	20180202	6.0455475612202E9	7.708388003635E9
 1181	1	1140	20180204	3.96909330426E9	5.1376789192652E9
 1182	1	1157	20180221	1.0793545098199E9	1.0572498163443E9
 1183	1	1159	20180223	1.3787160107099E9	1.0707447360958E9
 1184	1	1161	20180225	1.3398349842999E9	1.1749878421391E9
 1185	1	1169	20180305	4.4233276030701E9	2.8781587204582E9
 1186	1	1171	20180307	5.6314928275402E9	4.6175617719952E9
 1187	1	1173	20180309	2.32324128615448E10	1.20320613374819E10
 1188	1	1174	20180310	1.29708868237195E10	1.57722305392945E10
 1189	1	1179	20180315	1.5393275704299E9	1.4814077084366E9
 1190	1	1180	20180316	1.2657648000599E9	1.2186700758499E9
 1191	1	1183	20180319	1.1986730242899E9	9.693499734982E8
 1192	1	1184	20180320	1.3540710376099E9	1.1768015391705E9
 1193	1	1185	20180321	1.2369839002699E9	1.2708146814686E9
 1194	1	1187	20180323	1.2929137947799E9	1.187377325682E9
 1195					2.2263962241869E9
