0.0526  0.0000  0.01317530782   0.01250
0.1053  0.0000  0.01317530782   0.01250
0.1579  0.0000  0.01317530782   0.01250
0.2105  0.0000  0.01317530782   0.01250
0.2632  0.0000  0.01317530782   0.01250
0.3158  0.0000  0.01317530782   0.01250
0.3684  0.0000  0.01317530782   0.01250
0.4211  0.0000  0.01317530782   0.01250
0.4737  0.0000  0.01317530782   0.01250
0.5263  0.0000  0.01317530782   0.01250
0.5789  0.0000  0.01317530782   0.01250
0.6316  0.0000  0.01317530782   0.01250
0.6842  0.0000  0.01317530782   0.01250
0.7368  0.0000  0.01317530782   0.01250
0.7895  0.0000  0.01317530782   0.01250
0.8421  0.0000  0.01317530782   0.01250
0.8947  0.0000  0.01317530782   0.01250
0.9474  0.0000  0.01317530782   0.01250
1.0000  0.0000  0.01317530782   0.01250
0.6316  0.0526  0.01316309625   0.01250
0.2105  0.0526  0.01314626795   0.01249
0.4211  0.1053  0.01314626795   0.01249
0.6316  0.1579  0.01314626795   0.01249
0.8421  0.2105  0.01314626795   0.01249
0.5789  0.0526  0.01314074679   0.01250
0.6842  0.0526  0.01313937206   0.01250
0.7368  0.0526  0.01313738764   0.01250
0.3684  0.0526  0.01313668603   0.01250
0.7368  0.1053  0.01313668603   0.01250
0.7895  0.0526  0.01313057571   0.01250
0.7895  0.1053  0.01312990205   0.01250
1.0000  0.2632  0.01312636356   0.01249
0.8947  0.0526  0.01312622976   0.01250
0.9474  0.0526  0.01312292706   0.01250
0.7368  0.2632  0.01312212815   0.01249
0.8947  0.3158  0.01312212815   0.01249
1.0000  0.0526  0.01312198480   0.01250
1.0000  0.1579  0.01312120766   0.01250
0.6842  0.1053  0.01312120711   0.01250
0.8421  0.0526  0.01312101690   0.01250
0.8947  0.1053  0.01312012523   0.01250
0.9474  0.2632  0.01311972261   0.01249
0.5263  0.0526  0.01311890341   0.01250
0.4737  0.0526  0.01311646940   0.01250
0.9474  0.1053  0.01311646940   0.01250
1.0000  0.1053  0.01311646798   0.01250
0.5789  0.1579  0.01311636748   0.01249
0.5789  0.2105  0.01311256579   0.01249
0.7895  0.2105  0.01311189396   0.01249
0.4211  0.1579  0.01311187984   0.01249
0.8421  0.3158  0.01311187984   0.01249
0.1579  0.0526  0.01310886831   0.01249
0.3158  0.1053  0.01310886831   0.01249
0.4737  0.1579  0.01310886831   0.01249
0.6316  0.2105  0.01310886831   0.01249
0.7895  0.2632  0.01310886831   0.01249
0.9474  0.3158  0.01310886831   0.01249
0.4211  0.0526  0.01310855754   0.01250
0.8421  0.1053  0.01310855754   0.01250
1.0000  0.3684  0.01310456049   0.01249
0.3158  0.0526  0.01310069713   0.01250
0.6316  0.1053  0.01310069713   0.01250
0.9474  0.1579  0.01310069713   0.01250
1.0000  0.3158  0.01309618621   0.01249
0.8421  0.2632  0.01309388038   0.01249
0.6842  0.2105  0.01308505320   0.01249
0.8947  0.1579  0.01307886880   0.01250
0.5263  0.1579  0.01307853185   0.01249
0.7368  0.1579  0.01307140058   0.01250
1.0000  0.2105  0.01306878964   0.01250
0.8947  0.2632  0.01306616516   0.01249
0.2632  0.0526  0.01306226201   0.01250
0.5263  0.1053  0.01306226201   0.01250
0.7895  0.1579  0.01306226201   0.01250
0.3684  0.1053  0.01305675321   0.01249
0.7368  0.2105  0.01305675321   0.01249
0.6842  0.2632  0.01305409326   0.01249
0.4737  0.1053  0.01305134051   0.01250
0.9474  0.2105  0.01305134051   0.01250
0.8421  0.1579  0.01304790374   0.01250
0.5789  0.1053  0.01304398776   0.01250
0.9474  0.3684  0.01302936925   0.01249
0.6842  0.1579  0.01302736619   0.01250
0.8947  0.2105  0.01297963061   0.01250
0.2632  0.1053  0.01293209304   0.01249
0.5263  0.2105  0.01293209304   0.01249
0.7895  0.3158  0.01293209304   0.01249
0.5789  0.2632  0.01292590404   0.01249
0.8947  0.4211  0.01291005228   0.01249
0.4737  0.2105  0.01290821394   0.01249
0.9474  0.4211  0.01290821394   0.01249
0.6842  0.3158  0.01290668826   0.01249
0.8421  0.3684  0.01290643527   0.01249
0.7895  0.3684  0.01290107969   0.01249
1.0000  0.4737  0.01289960608   0.01249
0.6316  0.2632  0.01289757744   0.01249
0.8947  0.3684  0.01289621210   0.01249
0.3684  0.1579  0.01289528567   0.01249
0.7368  0.3158  0.01289528567   0.01249
1.0000  0.4211  0.01287113447   0.01249
0.1053  0.0526  0.01286839273   0.01248
0.2105  0.1053  0.01286839273   0.01248
0.3158  0.1579  0.01286839273   0.01248
0.4211  0.2105  0.01286839273   0.01248
0.5263  0.2632  0.01286839273   0.01248
0.6316  0.3158  0.01286839273   0.01248
0.7368  0.3684  0.01286839273   0.01248
0.8421  0.4211  0.01286839273   0.01248
0.9474  0.4737  0.01286839273   0.01248
0.6842  0.3684  0.01286137732   0.01247
0.7895  0.4211  0.01282746672   0.01247
0.8947  0.4737  0.01270783571   0.01248
0.5789  0.3158  0.01269132589   0.01247
1.0000  0.5263  0.01267911942   0.01248
0.8421  0.4737  0.01262264006   0.01246
0.4737  0.2632  0.01258163102   0.01246
0.9474  0.5263  0.01258163102   0.01246
0.3684  0.2105  0.01256982571   0.01246
0.7368  0.4211  0.01256982571   0.01246
1.0000  0.5789  0.01242970264   0.01245
0.6316  0.3684  0.01240417707   0.01245
0.8947  0.5263  0.01223898346   0.01244
0.2632  0.1579  0.01190524725   0.01242
0.5263  0.3158  0.01190524725   0.01242
0.7895  0.4737  0.01190524725   0.01242
0.9474  0.5789  0.01149091068   0.01240
1.0000  0.6316  0.01138808177   0.01233
0.5789  0.3684  0.01133998719   0.01229
0.4211  0.2632  0.01131633742   0.01236
0.8421  0.5263  0.01131633742   0.01236
0.6842  0.4211  0.01128161827   0.01239
0.7368  0.4737  0.01100878763   0.01223
0.8947  0.5789  0.01077324572   0.01217
0.0526  0.9474  0.01031378516   0.00498
0.0526  0.7895  0.01015017855   0.00498
0.0526  0.8947  0.01013547640   0.00498
0.0526  0.7368  0.01008425500   0.00499
0.0526  1.0000  0.01007133539   0.00498
0.0526  0.8421  0.01004907550   0.00498
0.1579  0.1053  0.00991485164   0.01165
0.3158  0.2105  0.00991485164   0.01165
0.4737  0.3158  0.00991485164   0.01165
0.6316  0.4211  0.00991485164   0.01165
0.7895  0.5263  0.00991485164   0.01165
0.9474  0.6316  0.00991485164   0.01165
0.0526  0.6842  0.00991254535   0.00499
0.0526  0.6316  0.00990653937   0.00499
0.1579  0.8947  0.00982782603   0.00500
0.1053  0.5789  0.00981647138   0.00500
0.0526  0.5789  0.00980191828   0.00499
0.1579  0.8421  0.00978914809   0.00500
0.0526  0.2632  0.00975454652   0.00500
0.1053  0.5263  0.00975454652   0.00500
0.1579  0.7895  0.00975454652   0.00500
0.2105  1.0000  0.00971380590   0.00500
0.0526  0.5263  0.00970896436   0.00499
0.1579  0.7368  0.00969439393   0.00500
0.1053  0.4737  0.00969094862   0.00500
0.2105  0.9474  0.00969094862   0.00500
0.1579  0.6842  0.00966411612   0.00500
0.2105  0.8947  0.00964853714   0.00500
0.0526  0.2105  0.00963526279   0.00500
0.1053  0.4211  0.00963526279   0.00500
0.1579  0.6316  0.00963526279   0.00500
0.2105  0.8421  0.00963526279   0.00500
0.1053  0.8947  0.00963176843   0.00499
0.2632  0.9474  0.00962582067   0.00500
0.1053  0.3684  0.00962198767   0.00500
0.2105  0.7368  0.00962198767   0.00500
0.2632  1.0000  0.00961968349   0.00500
0.1053  0.7895  0.00961841393   0.00499
0.2105  0.7895  0.00961585038   0.00500
0.2632  0.8947  0.00961240515   0.00500
0.0526  0.4211  0.00960869597   0.00499
0.1053  0.8421  0.00960869597   0.00499
0.1579  0.5263  0.00960665564   0.00500
0.1579  0.5789  0.00960435104   0.00500
0.0526  0.1579  0.00960321076   0.00500
0.1053  0.3158  0.00960321076   0.00500
0.1579  0.4737  0.00960321076   0.00500
0.2105  0.6316  0.00960321076   0.00500
0.2632  0.7895  0.00960321076   0.00500
0.3158  0.9474  0.00960321076   0.00500
0.2105  0.6842  0.00959898963   0.00500
0.2632  0.8421  0.00959515662   0.00500
0.3158  1.0000  0.00959324012   0.00500
0.3158  0.8947  0.00957446400   0.00500
0.2632  0.7368  0.00957063110   0.00500
0.2632  0.4737  0.00956976806   0.00500
0.3158  0.5789  0.00956976806   0.00500
0.5263  0.9474  0.00956976806   0.00500
0.0526  0.3684  0.00956658457   0.00499
0.1053  0.7368  0.00956658457   0.00499
0.4737  0.8421  0.00956593558   0.00500
0.2105  0.5789  0.00956271694   0.00500
0.3684  1.0000  0.00956080049   0.00500
0.2105  0.3684  0.00956018686   0.00500
0.4211  0.7368  0.00956018686   0.00500
0.1053  0.6842  0.00955972522   0.00499
0.5789  1.0000  0.00955827062   0.00500
0.1579  0.4211  0.00955696759   0.00500
0.3158  0.8421  0.00955696759   0.00500
0.3684  0.6316  0.00955252189   0.00500
0.5263  0.8947  0.00955252189   0.00500
0.2632  0.6842  0.00955121824   0.00500
0.1579  0.2632  0.00955060565   0.00500
0.3158  0.5263  0.00955060565   0.00500
0.4737  0.7895  0.00955060565   0.00500
0.5789  0.9474  0.00955060565   0.00500
0.3684  0.4737  0.00954729654   0.00500
0.5789  0.7368  0.00954729654   0.00500
0.7368  0.9474  0.00954729654   0.00500
0.4211  0.6842  0.00954677317   0.00500
0.3684  0.9474  0.00954546888   0.00500
0.7895  1.0000  0.00954346427   0.00500
0.2632  0.4211  0.00954268937   0.00500
0.5263  0.8421  0.00954268937   0.00500
0.2105  0.2632  0.00954154813   0.00500
0.4211  0.5263  0.00954154813   0.00500
0.6316  0.7895  0.00954154813   0.00500
0.2632  0.3684  0.00954116064   0.00500
0.4211  0.5789  0.00954116064   0.00500
0.5263  0.7368  0.00954116064   0.00500
0.6842  0.9474  0.00954116064   0.00500
0.0526  0.0526  0.00954040702   0.00500
0.1053  0.1053  0.00954040702   0.00500
0.1579  0.1579  0.00954040702   0.00500
0.2105  0.2105  0.00954040702   0.00500
0.2632  0.2632  0.00954040702   0.00500
0.3158  0.3158  0.00954040702   0.00500
0.3684  0.3684  0.00954040702   0.00500
0.4211  0.4211  0.00954040702   0.00500
0.4737  0.4737  0.00954040702   0.00500
0.5263  0.5263  0.00954040702   0.00500
0.5789  0.5789  0.00954040702   0.00500
0.6316  0.6316  0.00954040702   0.00500
0.6842  0.6842  0.00954040702   0.00500
0.7368  0.7368  0.00954040702   0.00500
0.7895  0.7895  0.00954040702   0.00500
0.8421  0.8421  0.00954040702   0.00500
0.8947  0.8947  0.00954040702   0.00500
0.9474  0.9474  0.00954040702   0.00500
1.0000  1.0000  0.00954040702   0.00500
0.1053  0.2632  0.00953971953   0.00500
0.2105  0.5263  0.00953971953   0.00500
0.3158  0.7895  0.00953971953   0.00500
0.5789  0.7895  0.00953924445   0.00500
0.7368  1.0000  0.00953924445   0.00500
0.3684  0.5789  0.00953885689   0.00500
0.6316  1.0000  0.00953885689   0.00500
0.1579  0.2105  0.00953541207   0.00500
0.3158  0.4211  0.00953541207   0.00500
0.4737  0.6316  0.00953541207   0.00500
0.6316  0.8421  0.00953541207   0.00500
0.4737  0.5789  0.00953388359   0.00500
0.6842  0.8421  0.00953388359   0.00500
0.7368  0.8947  0.00953388359   0.00500
0.4737  0.7368  0.00953119192   0.00500
0.5789  0.8947  0.00953119192   0.00500
0.7368  0.7895  0.00953043910   0.00500
0.3684  0.8947  0.00953013728   0.00500
0.9474  0.8947  0.00952891084   0.00500
1.0000  0.9474  0.00952891084   0.00500
0.7895  0.8421  0.00952852302   0.00500
0.2632  0.6316  0.00952822082   0.00500
0.4211  1.0000  0.00952822082   0.00500
0.2632  0.3158  0.00952813518   0.00500
0.5263  0.6316  0.00952813518   0.00500
0.5789  0.6842  0.00952813518   0.00500
0.7895  0.9474  0.00952813518   0.00500
0.8421  1.0000  0.00952813518   0.00500
0.5263  0.6842  0.00952774732   0.00500
0.6842  0.8947  0.00952774732   0.00500
0.4737  0.8947  0.00952708328   0.00500
0.5263  1.0000  0.00952708328   0.00500
0.8947  0.8421  0.00952699480   0.00500
0.8421  0.8947  0.00952660693   0.00500
0.8947  0.9474  0.00952660693   0.00500
0.9474  1.0000  0.00952660693   0.00500
0.4211  0.7895  0.00952516693   0.00500
0.5263  0.4737  0.00952507877   0.00500
0.5789  0.5263  0.00952507877   0.00500
0.6316  0.5789  0.00952507877   0.00500
0.6842  0.6316  0.00952507877   0.00500
0.7368  0.6842  0.00952507877   0.00500
0.7895  0.7368  0.00952507877   0.00500
0.8421  0.7895  0.00952507877   0.00500
0.3158  0.3684  0.00952430291   0.00500
0.6316  0.7368  0.00952430291   0.00500
0.1053  0.1579  0.00952352695   0.00500
0.2105  0.3158  0.00952352695   0.00500
0.3158  0.4737  0.00952352695   0.00500
0.4211  0.6316  0.00952352695   0.00500
0.5263  0.7895  0.00952352695   0.00500
0.6316  0.9474  0.00952352695   0.00500
0.3684  0.6842  0.00952325059   0.00500
0.4737  0.4211  0.00952316274   0.00500
0.9474  0.8421  0.00952316274   0.00500
1.0000  0.8947  0.00952316274   0.00500
0.1579  0.3684  0.00952247147   0.00500
0.3158  0.7368  0.00952247147   0.00500
0.6842  0.7895  0.00952238677   0.00500
0.6842  1.0000  0.00952161071   0.00500
0.4211  0.3684  0.00952124671   0.00500
0.7895  0.6842  0.00952124671   0.00500
0.8421  0.7368  0.00952124671   0.00500
0.8947  0.7895  0.00952124671   0.00500
0.4737  0.6842  0.00951969447   0.00500
0.5789  0.8421  0.00951969447   0.00500
0.3684  0.3158  0.00951933068   0.00500
0.7368  0.6316  0.00951933068   0.00500
0.0526  0.1053  0.00951902824   0.00500
0.1053  0.2105  0.00951902824   0.00500
0.1579  0.3158  0.00951902824   0.00500
0.2105  0.4211  0.00951902824   0.00500
0.2632  0.5263  0.00951902824   0.00500
0.3158  0.6316  0.00951902824   0.00500
0.3684  0.7368  0.00951902824   0.00500
0.4211  0.8421  0.00951902824   0.00500
0.4737  0.9474  0.00951902824   0.00500
0.3684  0.4211  0.00951855450   0.00500
0.7368  0.8421  0.00951855450   0.00500
0.7895  0.8947  0.00951855450   0.00500
0.5789  0.4211  0.00951780276   0.00500
0.3684  0.5263  0.00951777823   0.00500
0.6316  0.8947  0.00951777823   0.00500
0.4211  0.4737  0.00951663836   0.00500
0.8421  0.9474  0.00951663836   0.00500
0.0526  0.4737  0.00951636593   0.00499
0.1053  0.9474  0.00951636593   0.00499
0.3684  0.2632  0.00951588678   0.00500
0.5263  0.3684  0.00951588678   0.00500
0.7368  0.5263  0.00951588678   0.00500
0.8947  0.6316  0.00951588678   0.00500
0.9474  0.6842  0.00951588678   0.00500
0.6842  0.5789  0.00951549862   0.00500
1.0000  0.8421  0.00951549862   0.00500
0.3684  0.8421  0.00951480567   0.00500
0.8947  1.0000  0.00951472223   0.00500
0.3158  0.2632  0.00951358259   0.00500
0.6316  0.5263  0.00951358259   0.00500
0.9474  0.7895  0.00951358259   0.00500
0.4737  0.5263  0.00951280609   0.00500
0.5789  0.4737  0.00951166656   0.00500
0.8421  0.6842  0.00951166656   0.00500
0.8947  0.7368  0.00951166656   0.00500
0.5263  0.5789  0.00951088995   0.00500
0.5789  0.6316  0.00951088995   0.00500
0.2105  0.4737  0.00950905631   0.00500
0.4211  0.9474  0.00950905631   0.00500
0.6316  0.6842  0.00950705768   0.00500
0.2632  0.2105  0.00950591846   0.00500
0.5263  0.4211  0.00950591846   0.00500
0.7895  0.6316  0.00950591846   0.00500
1.0000  0.7895  0.00950591846   0.00500
0.1053  1.0000  0.00950527513   0.00499
0.6842  0.7368  0.00950514154   0.00500
0.4737  0.3684  0.00950400243   0.00500
0.7368  0.5789  0.00950400243   0.00500
0.9474  0.7368  0.00950400243   0.00500
0.2632  0.5789  0.00950330696   0.00500
0.3158  0.6842  0.00950139051   0.00500
0.3684  0.7895  0.00950139051   0.00500
0.6842  0.5263  0.00950017037   0.00500
0.8947  0.6842  0.00950017037   0.00500
0.4211  0.8947  0.00949947406   0.00500
0.4737  1.0000  0.00949947406   0.00500
0.2105  0.1579  0.00949825434   0.00500
0.4211  0.3158  0.00949825434   0.00500
0.6316  0.4737  0.00949825434   0.00500
0.8421  0.6316  0.00949825434   0.00500
0.7895  0.5789  0.00949250625   0.00500
1.0000  0.7368  0.00949250625   0.00500
0.1579  1.0000  0.00935862648   0.00499
0.0526  0.3158  0.00935165652   0.00499
0.1053  0.6316  0.00935165652   0.00499
0.1579  0.9474  0.00935165652   0.00499
0.6842  0.4737  0.00931919719   0.00643
1.0000  0.6842  0.00931278820   0.01048
0.8421  0.5789  0.00914908482   0.01011
0.0000  0.0526  0.00845778199   0.00494
0.0000  0.1053  0.00845778199   0.00494
0.0000  0.1579  0.00845778199   0.00494
0.0000  0.2105  0.00845778199   0.00494
0.0000  0.2632  0.00845778199   0.00494
0.0000  0.3158  0.00845778199   0.00494
0.0000  0.3684  0.00845778199   0.00494
0.0000  0.4211  0.00845778199   0.00494
0.0000  0.4737  0.00845778199   0.00494
0.0000  0.5263  0.00845778199   0.00494
0.0000  0.5789  0.00845778199   0.00494
0.0000  0.6316  0.00845778199   0.00494
0.0000  0.6842  0.00845778199   0.00494
0.0000  0.7368  0.00845778199   0.00494
0.0000  0.7895  0.00845778199   0.00494
0.0000  0.8421  0.00845778199   0.00494
0.0000  0.8947  0.00845778199   0.00494
0.0000  0.9474  0.00845778199   0.00494
0.0000  1.0000  0.00845778199   0.00494
0.0000  0.0000  0.00839952934   0.01014
